Receiver dropped, shutting down thread. Err: receiving on a closed channel
Receiver dropped, shutting down thread. Err: receiving on a closed channel
Receiver dropped, shutting down thread. Err: receiving on a closed channel
Receiver dropped, shutting down thread. Err: receiving on a closed channel
Result {
  quicksort_iter_median: {
    700000: [184366, 177641, 180052, 181175, 184192, 175185, 181809, 175084, 180410, 176705]
    300000: [43837, 43401, 44016, 44197, 58370, 45842, 45236, 45861, 44759, 43638]
    100000: [10246, 7558, 7066, 7760, 7066, 7587, 8320, 7434, 7465, 7184]
    1000000: [345705, 329596, 344486, 329890, 347608, 344753, 337578, 349477, 335560, 329090]
    600000: [140896, 149446, 141205, 140374, 137359, 136025, 142980, 142472, 142105, 136770]
    800000: [225448, 223263, 239837, 220231, 227829, 225687, 233274, 221220, 231911, 222583]
    900000: [297233, 270883, 286483, 280450, 281203, 278443, 277305, 275665, 279819, 271975]
    400000: [80835, 69012, 71368, 72055, 77229, 70345, 70658, 71190, 71381, 69607]
    200000: [18621, 17618, 24126, 23904, 23940, 24624, 23698, 23485, 24653, 23760]
    500000: [107646, 100570, 102751, 100479, 104584, 100152, 139687, 101182, 101980, 105563]
  },
  quicksort_iter_random: {
    700000: [227006, 246984, 221003, 229598, 226361, 217941, 223192, 216763, 221295, 228816]
    800000: [283318, 270378, 290454, 278592, 292790, 280089, 282247, 275901, 294884, 274778]
    100000: [8594, 8558, 8378, 8318, 8369, 8585, 9100, 8697, 8681, 9388]
    200000: [22014, 22472, 29612, 29157, 28613, 29809, 30040, 29388, 30048, 30306]
    600000: [169481, 173122, 180465, 164951, 167585, 166878, 171929, 166919, 181634, 168278]
    300000: [54160, 54348, 53452, 57238, 64821, 55980, 56768, 55699, 55029, 54940]
    400000: [85667, 86668, 89045, 86159, 87115, 85781, 92424, 85960, 86075, 85669]
    500000: [124263, 122164, 129802, 128122, 125264, 124155, 143825, 123059, 124423, 123193]
    900000: [353319, 340798, 353989, 342708, 364846, 338628, 350020, 336750, 352703, 337172]
    1000000: [426542, 409804, 427072, 410905, 430290, 406907, 435906, 459713, 438479, 417413]
  },
  quicksort_iter_first: {
    500000: [102622, 105975, 101488, 99725, 101625, 99045, 110190, 104914, 100246, 100613]
    200000: [17741, 18160, 24023, 23784, 23781, 24742, 23567, 24115, 23855, 23264]
    600000: [137325, 138189, 141300, 133984, 140313, 134861, 141636, 134792, 138873, 134807]
    900000: [281650, 270276, 280004, 269765, 316551, 271154, 283038, 271147, 282335, 276772]
    300000: [43023, 42988, 42907, 59749, 48609, 46093, 45510, 44556, 44058, 44463]
    100000: [6939, 6980, 6840, 7450, 6863, 7341, 7295, 7215, 7310, 7804]
    400000: [70213, 70701, 70052, 69177, 72866, 70437, 69857, 69572, 69543, 68782]
    700000: [176147, 175344, 182455, 175233, 196615, 173907, 181400, 175889, 177948, 177585]
    800000: [241324, 226893, 231109, 227803, 237780, 220541, 229040, 220134, 240969, 227783]
    1000000: [345760, 331521, 350673, 328242, 342143, 333500, 347480, 368466, 340586, 329415]
  },
  quicksort_recur_median: {
    800000: [231608, 223169, 225755, 218722, 230379, 219803, 225627, 221465, 226213, 221285]
    200000: [18628, 17802, 23932, 24495, 24064, 23945, 23869, 23939, 28441, 23783]
    600000: [134557, 135365, 141433, 134001, 149380, 134392, 139183, 138899, 140676, 133582]
    900000: [281002, 270931, 283298, 271326, 339750, 277131, 280959, 276002, 278154, 269737]
    400000: [68518, 69620, 69023, 68077, 71969, 70701, 69348, 69207, 69658, 68364]
    700000: [177443, 175451, 182887, 174202, 186511, 177767, 179077, 179447, 184927, 180243]
    300000: [43049, 42515, 42675, 51254, 47842, 45419, 44187, 43425, 45826, 49448]
    100000: [10346, 6924, 6739, 6716, 6817, 7313, 6776, 7639, 6692, 7184]
    500000: [106035, 100534, 99927, 98775, 105905, 98851, 107128, 99120, 100215, 99231]
    1000000: [333920, 328715, 337177, 377109, 333863, 327323, 350075, 331634, 338116, 338089]
  },
  quicksort_recur_random: {
    800000: [294605, 288549, 280036, 276003, 290070, 282231, 289803, 276223, 284025, 272947]
    900000: [356565, 343541, 350313, 351951, 412216, 356182, 352557, 339132, 359205, 340258]
    500000: [123634, 123879, 125547, 122708, 125075, 130529, 132121, 124168, 123298, 123323]
    100000: [8993, 8675, 8407, 9970, 8445, 10661, 8176, 8436, 8307, 8868]
    300000: [56063, 53839, 52887, 57501, 60735, 58537, 56044, 54298, 55030, 54769]
    700000: [226173, 219651, 231311, 216605, 253693, 225180, 222779, 219757, 234805, 252605]
    200000: [21942, 21836, 29516, 30754, 29027, 29873, 28708, 29967, 29461, 28919]
    600000: [169615, 166387, 176229, 166171, 174009, 166219, 169455, 166556, 173482, 168537]
    400000: [89546, 86825, 87155, 86341, 91972, 90117, 86339, 87070, 86749, 86466]
    1000000: [423599, 419232, 428963, 476904, 419095, 430611, 433493, 426015, 428658, 410612]
  },
  quicksort_recur_first: {
    200000: [24832, 21345, 27880, 28297, 28851, 27443, 28890, 28768, 27561, 28920]
    500000: [127920, 126307, 131554, 125685, 126329, 129061, 131934, 126613, 131623, 124829]
    1000000: [442543, 438517, 451532, 451137, 446851, 441111, 449527, 464469, 441404, 453831]
    300000: [54905, 54096, 54668, 55752, 58333, 56338, 54099, 55661, 54494, 54409]
    600000: [173246, 186129, 179038, 172171, 184582, 172361, 174193, 172753, 177745, 172459]
    700000: [232599, 231874, 237199, 225944, 275571, 226053, 233269, 227409, 233045, 281591]
    100000: [7896, 7768, 7684, 7614, 7717, 8039, 7872, 7821, 7844, 8042]
    800000: [292696, 285848, 295761, 286121, 293846, 287676, 297290, 296080, 294040, 286215]
    900000: [372285, 376751, 381506, 362506, 379872, 363688, 377966, 365813, 378451, 367573]
    400000: [87197, 90601, 89567, 89282, 88519, 89576, 87514, 86597, 87070, 91279]
  },
  insertion_iter: {
    100000: [3199062, 3305901, 3163280, 3185990, 3225417, 3240185, 3191003, 3196660, 3176712, 3183429]
    400000: [67393264, 67417244, 67289592, 67359182, 67292971, 67223197, 67300288, 67331584, 67232551, 67284022]
    800000: [279478385, 279252124, 278820859, 278973737, 278367233, 277921416, 278672716, 278963614, 279459952, 279388984]
    500000: [105937567, 106104475, 105531010, 105675935, 106136259, 106156016, 106111444, 106156457, 106179025, 106136023]
    200000: [16524273, 16564303, 16799625, 16779331, 16678811, 16697750, 17067165, 17073330, 16876882, 16824791]
    300000: [38236867, 38157765, 37977184, 38000615, 37717149, 37762665, 37746873, 37775711, 37696070, 37660548]
    600000: [154194223, 153957174, 154125297, 154306758, 153985278, 154007483, 153962637, 154036459, 154010151, 154042091]
    900000: [356520292, 356990462, 356042986, 356377879, 356353159, 356388152, 356706320, 356268177, 357593414, 357341225]
    700000: [211232372, 211377470, 211498129, 211566966, 211636065, 211685202, 211653032, 211650588, 211700488, 211769448]
    1000000: [444055219, 444025200, 443793937, 443741495, 444589558, 444544442, 444507450, 444436786, 444498920, 444355848]
  },
  insertion_recur: {
    300000: [38250551, 38166093, 38016186, 38023972, 37779924, 37713269, 37798315, 37788624, 37682379, 37654696]
    800000: [279204199, 279405937, 278966105, 278894132, 278126062, 278108846, 278940864, 278804703, 279241500, 279251704]
    900000: [356639185, 356434095, 356293290, 355954027, 356493180, 356171578, 356678466, 356450429, 357615229, 357351553]
    1000000: [443808863, 443971559, 443472756, 443646409, 444240193, 444385322, 444446321, 443787305, 444554007, 444343518]
    400000: [67380516, 67444381, 67301006, 67324543, 67264161, 67210736, 67192587, 67235509, 67287925, 67321066]
    100000: [3225236, 3307932, 3159522, 3161160, 3197749, 3211676, 3193361, 3197793, 3180626, 3174423]
    500000: [105936971, 105997022, 105615080, 105694101, 106171581, 106141576, 106104084, 106058576, 106140106, 106172650]
    200000: [16554555, 16545265, 16818782, 16789454, 16679913, 16677308, 17066738, 17074061, 16823922, 16893491]
    600000: [153956951, 154104315, 154030469, 154266447, 153854007, 153992472, 154104023, 154125729, 153867249, 154026826]
    700000: [211344730, 211237523, 211629743, 211659250, 211852490, 211817277, 211700169, 211754320, 211787938, 211721040]
  },
  binary_search: {
    800000: [172, 137, 131, 266, 202, 142, 99, 160, 248, 183]
    900000: [162, 160, 215, 216, 106, 125, 129, 146, 112, 216]
    100000: [50, 54, 38, 57, 30, 7, 7, 5, 4, 4]
    200000: [64, 60, 101, 82, 65, 74, 90, 103, 67, 118]
    400000: [170, 231, 109, 137, 137, 100, 173, 159, 98, 196]
    700000: [181, 187, 278, 282, 269, 158, 185, 179, 300, 265]
    1000000: [222, 125, 117, 141, 204, 258, 117, 128, 126, 150]
    300000: [112, 83, 105, 163, 95, 96, 119, 80, 98, 109]
    500000: [235, 168, 144, 264, 228, 174, 345, 391, 192, 165]
    600000: [70, 234, 165, 213, 234, 368, 140, 80, 126, 173]
  },
}
QuickSort - Iterative - Median of 3: [(100000, 7768), (200000, 22842), (300000, 45915), (400000, 72368), (500000, 106459), (600000, 140963), (700000, 179661), (800000, 227128), (900000, 279945), (1000000, 339374)]
QuickSort - Iterative - Random: [(100000, 8666), (200000, 28145), (300000, 56243), (400000, 87056), (500000, 126827), (600000, 171124), (700000, 225895), (800000, 282343), (900000, 347093), (1000000, 426303)]
QuickSort - Iterative - First: [(100000, 7203), (200000, 22703), (300000, 46195), (400000, 70120), (500000, 102644), (600000, 137608), (700000, 179252), (800000, 230337), (900000, 280269), (1000000, 341778)]
QuickSort - Recursive - Median of 3: [(100000, 7314), (200000, 23289), (300000, 45564), (400000, 69448), (500000, 101572), (600000, 138146), (700000, 179795), (800000, 224402), (900000, 282829), (1000000, 339602)]
QuickSort - Recursive - Random: [(100000, 8893), (200000, 28000), (300000, 55970), (400000, 87858), (500000, 125428), (600000, 169666), (700000, 230255), (800000, 283449), (900000, 356192), (1000000, 429718)]
QuickSort - Recursive - First: [(100000, 7829), (200000, 27278), (300000, 55275), (400000, 88720), (500000, 128185), (600000, 176467), (700000, 240455), (800000, 291557), (900000, 372641), (1000000, 448092)]
Insertion - Iterative: [(100000, 3206763), (200000, 16788626), (300000, 37873144), (400000, 67312389), (500000, 106012421), (600000, 154062755), (700000, 211576976), (800000, 278929902), (900000, 356658206), (1000000, 444254885)]
Insertion - Recursive: [(100000, 3200947), (200000, 16792348), (300000, 37887400), (400000, 67296243), (500000, 106003174), (600000, 154032848), (700000, 211650448), (800000, 278894405), (900000, 356608103), (1000000, 444065625)]
Binary Search: [(100000, 25), (200000, 82), (300000, 106), (400000, 151), (500000, 230), (600000, 180), (700000, 228), (800000, 174), (900000, 158), (1000000, 158)]
